2 3 4 5 6 7 9 10 16 20 23 25 26 35 36
3 6 7 9 20 23 25 35 36
2 4 5 10 16 26
8 11 12 13 14 15 17 18 19 21 22 24 27 28 29 30 31 32 33 34
3 6 9 23 25 35
2 4 5 16 26
11 12 13 14 15 17 18 19 21 27 28 30 31 32 33 34
3 6 9 23 25
13 19 21 28 30 32 33 34
11 12 14 15 17 18 27 31
13 19 21 32 33
7 20 36
8 22 24 29
2 4 5 16
2 4 16
6 25
22 24 29
14 15 17 31
3 9 23
7 20
28 30 34
17 31
2 4
9 23
19 21
11 12 18 27
14 15
13 32 33
28 30
12 18 27
12 27
22 24
32 33
33
24
27
12
30
32
15
18
21
23
4
31
28
20
3
14
29
25
2
16
22
7
13
17
34
9
19
5
35
11
10
36
6
8
26
